0.0238168
0.0246875
0.02446669999999998
0.0270957
0.02875289999999997
0.024606000000000017
0.024983499999999992
0.02672000000000002
0.025034
0.02556910000000001
0.02519669999999996
0.025592300000000012
0.0259587
0.02603960000000005
0.02615260000000008
0.026284399999999986
0.026500999999999997
0.030604099999999912
0.027307799999999993
0.027595499999999884
0.027227800000000135
0.02924670000000007
0.029101899999999903
0.028824799999999984
0.028793700000000033
0.028071100000000015
0.028840600000000105
0.028951999999999867
0.030859299999999923
0.032860800000000134
0.030889399999999956
0.03178100000000006
0.03259459999999992
0.03414529999999982
0.031074499999999894
0.03136390000000011
0.03125089999999986
0.033693900000000276
0.03218830000000006
0.03156800000000004
0.03141619999999978
0.03465050000000014
0.03230569999999977
0.032692799999999966
0.03376240000000008
0.03426890000000027
0.03279279999999973
0.03326209999999996
0.035745499999999986
0.0340978999999999
0.033935599999999955
0.0342541999999999
0.03990280000000013
0.03515429999999986
0.035306800000000305
0.03783729999999963
0.035791200000000245
0.03593130000000011
0.04589270000000001
0.037369899999999845
0.03666269999999994
0.03694050000000004
0.037503200000000625
0.0373247000000001
0.03748750000000012
0.038485699999999845
0.039467199999999814
0.03828150000000008
0.03853910000000038
0.03853089999999959
0.03847199999999962
0.03956900000000019
0.041006499999999946
0.03939009999999943
0.03965189999999996
0.04031239999999947
0.03981129999999933
0.03998549999999934
0.041801299999999486
0.04201419999999967
0.04112429999999989
0.041598699999999766
0.04139409999999977
0.04169560000000061
0.04210899999999995
0.04269370000000006
0.042826699999999995
0.04242159999999995
0.042741999999999614
0.042839599999999756
0.043429800000000185
0.046305199999999935
0.043638399999999855
0.04450770000000048
0.04562039999999978
0.04434499999999986
0.04673510000000025
0.04480860000000053
0.044940799999999115
0.04731299999999994
0.04534869999999991
0.04605809999999977
0.04684199999999983
0.046251400000000054
0.04695280000000057
0.046551800000000476
0.04801490000000008
0.05105110000000046
0.04804260000000049
0.04800679999999957
0.047945800000000816
0.048000299999999996
0.05351630000000007
0.04868429999999968
0.04880179999999967
0.048865499999999784
0.04938139999999969
0.05307810000000046
0.05010519999999907
0.05009540000000001
0.0509814999999989
0.05120170000000002
0.053919200000001055
0.05070029999999903
0.05369370000000018
0.05186310000000027
0.052091700000000074
0.05338180000000037
0.05241640000000025
0.05274640000000019
0.05299869999999984
0.05718249999999969
0.05653660000000116
0.05518339999999888
0.05402109999999993
0.05360370000000003
0.05585499999999932
0.05415059999999983
0.05457220000000085
0.05537879999999973
0.057285999999999504
0.058163499999999146
0.057441300000000695
0.055641100000000776
0.05561390000000088
0.061983599999999583
0.05585610000000152
0.05639440000000029
0.056409799999999066
0.05835929999999934
0.05954000000000015
0.05679289999999959
0.06310050000000089
0.06631149999999941
0.06887500000000024
0.06571749999999987
0.05858629999999998
0.06425349999999952
0.06618620000000064
0.06045220000000029
0.06393759999999915
0.06302069999999915
0.07883749999999878
0.06288080000000029
0.06965800000000044
0.07134120000000088
0.06492289999999912
0.06355639999999951
0.06189390000000117
0.06672520000000048
0.06625870000000056
0.06745800000000024
0.06310410000000033
0.06515909999999892
0.06499469999999974
0.07093629999999962
0.06469279999999955
0.06775460000000066
0.0640958999999981
0.0663677000000007
0.06476059999999961
0.06711059999999947
0.06584720000000033
0.06428160000000105
0.0655670999999991
0.06839469999999892
0.06734170000000006
0.0752246999999997
0.07446700000000206
0.07005979999999923
0.06695340000000272
0.06846110000000039
0.06990150000000028
0.07168629999999965
0.07102370000000136
0.07282119999999992
0.07019599999999926
0.06829070000000215
0.07488200000000234
0.07096569999999858
0.07180039999999721
0.06986120000000184
0.06923889999999844
0.07091570000000047
0.07178940000000011
0.07233070000000197
0.07279880000000105
0.07214919999999836
0.07420270000000073
0.07387329999999892
0.07418649999999971
0.0711396999999998
0.07546010000000081
0.07649139999999832
0.07178770000000156
0.07236050000000205
0.07255869999999831
0.07680150000000197
0.0758031999999993
0.07289049999999975
0.07749139999999954
0.07669819999999916
0.07848940000000226
0.07483430000000268
0.07653429999999872
0.07694259999999886
0.0776734999999995
0.08036959999999738
0.07849140000000077
0.07637009999999833
0.07789840000000225
0.07632270000000219
0.07648140000000225
0.08023050000000254
0.08016049999999808
0.08205489999999926
0.08296499999999796
0.07770030000000006
0.07987539999999882
0.08655369999999962
0.08062269999999927
0.07819339999999997
0.08294199999999918
0.08079880000000017
0.08256710000000211
0.08177590000000023
0.0824247999999983
0.08013470000000211
0.08330820000000116
0.08387729999999749
0.07987159999999704
0.08320940000000121
0.0839053000000014
0.08231059999999957
0.08416760000000068
0.08807090000000173
0.08137870000000191
0.08564319999999981
0.08500599999999991
0.0847522000000005
0.08671969999999973
0.08772060000000081
0.08295530000000184
0.0858163999999988
0.09100210000000075
0.08361869999999882
0.0856673999999984
0.09232390000000024
0.08520989999999884
0.0858791000000032
0.09246770000000026
0.0872951999999998
0.08597460000000012
0.09233009999999808
0.09217980000000026
0.08815390000000178
0.08777319999999733
0.09008530000000547
0.089008800000002
0.09273100000000056
0.0870730999999978
0.11234019999999845
0.0884952000000041
0.09279860000000184
0.10110630000000498
0.09153200000000083
0.0903702000000024
0.09295889999999929
0.09363640000000117
0.09533330000000007
0.09252449999999612
0.09528739999999658
0.0959326000000047
0.0935849000000033
0.09042619999999602
0.0939622
0.09495139999999935
0.10024899999999803
0.09635570000000371
0.0936450000000022
0.09438850000000087
0.09687459999999959
0.09839050000000071
0.09633009999999587
0.09287830000000241
0.09395649999999733
0.10113859999999875
0.09767689999999618
0.1025708000000023
0.10066600000000392
0.10008670000000564
0.10029130000000208
0.10161809999999605
0.10890270000000157
0.10074610000000206
0.0964601000000016
0.10090139999999792
0.10416200000000231
0.10234400000000221
0.12607659999999754
0.10589709999999997
0.10351409999999817
0.09887789999999796
0.10455490000000367
0.10567470000000156
0.1048113000000015
0.10046249999999901
0.10179769999999877
0.10385959999999983
0.10242439999999675
0.10665469999999999
0.10066690000000023
0.10133030000000076
0.1060680000000005
0.10106139999999897
0.12080720000000156
0.10429909999999865
0.10707210000000345
0.10229830000000106
0.10392879999999849
0.11287279999999811
0.10918729999999499
0.1086581999999936
0.10793780000000197
0.10834700000000197
0.1079718000000014
0.1039748999999972
0.11205839999999512
0.10550179999999898
0.10600589999999954
0.10646409999999662
0.10792769999999763
0.11189170000000104
0.1100416000000024
0.10787069999999943
0.10902109999999965
0.10623499999999808
0.11066999999999894
0.11484740000000215
0.11485770000000173
0.11517299999999864
0.12074489999999827
0.11224729999999994
0.12475020000000114
0.12880399999999526
0.12434319999999843
0.12055649999999929
0.11785090000000054
0.11385549999999967
0.11196619999999768
0.1147093999999953
0.1120439000000033
0.1150613000000007
0.11349560000000025
0.12393859999999535
0.1209409000000008
0.11807370000000361
0.11700649999999513
0.11701229999999896
0.11900729999999982
0.11520509999999717
0.11666170000000164
0.1190534999999997
0.11587870000000322
0.1238773999999978
0.12977240000000023
0.12202909999999889
0.12066039999999845
0.11604979999999898
0.12746030000000275
0.13023410000000268
0.1365464000000003
0.11860240000000033
0.1255166999999986
0.11570760000000035
0.1191705999999968
0.11993549999999686
0.12244240000000417
0.12058160000000129
0.12532410000000027
