0.023899800000000013
0.024182499999999996
0.0244886
0.024375499999999994
0.02456710000000001
0.025802699999999956
0.0248796
0.024903300000000017
0.024823099999999987
0.0248486
0.025200300000000064
0.025270000000000015
0.028090599999999966
0.025763599999999998
0.02606379999999997
0.02623029999999993
0.026449000000000056
0.02799280000000004
0.027036200000000177
0.030047799999999958
0.02887660000000003
0.034756599999999915
0.03052240000000017
0.027985900000000008
0.028348599999999946
0.0307906
0.028652300000000075
0.029447900000000082
0.03063870000000013
0.033112699999999995
0.03078090000000011
0.03093760000000012
0.03184390000000015
0.031121000000000176
0.032448299999999985
0.030679199999999796
0.03174900000000003
0.034472099999999894
0.03158340000000015
0.03222870000000011
0.03174129999999975
0.03218860000000001
0.03250619999999982
0.0325924999999998
0.03528410000000015
0.03369069999999974
0.032879000000000325
0.033562199999999986
0.0340136000000002
0.03450480000000011
0.033837700000000304
0.03441889999999992
0.06012200000000023
0.03482130000000039
0.034606899999999996
0.03545109999999996
0.03547589999999978
0.036311299999999935
0.03885089999999991
0.036956999999999685
0.03686600000000029
0.04026749999999968
0.038048700000000046
0.0370923000000003
0.04054679999999955
0.03835350000000037
0.038449000000000844
0.041589600000000004
0.03891290000000058
0.038600799999999325
0.04086459999999992
0.039291399999999754
0.040192699999999526
0.041496300000000375
0.039959999999999773
0.039685999999999666
0.040089099999999434
0.0413199999999998
0.04190190000000005
0.04323850000000018
0.04146390000000011
0.04122559999999975
0.045299700000000165
0.042554400000000214
0.04396589999999989
0.044883500000000076
0.0426662999999996
0.0425696999999996
0.04525539999999939
0.04335990000000045
0.04535860000000014
0.04363779999999995
0.04360589999999931
0.044097299999999784
0.04581449999999965
0.04509839999999965
0.04733829999999983
0.045263900000000135
0.04526430000000037
0.04524560000000033
0.045564000000000604
0.05119439999999997
0.04653799999999997
0.046409399999999934
0.04909389999999991
0.0469236000000004
0.04780590000000018
0.04747099999999982
0.04774439999999913
0.049912900000000704
0.04823630000000101
0.049200299999998975
0.05128419999999956
0.04852140000000027
0.05140950000000011
0.04902140000000088
0.0503783999999996
0.05100850000000001
0.05009960000000113
0.054905599999999666
0.051016800000001084
0.0515030000000003
0.05218449999999919
0.05064660000000032
0.050923199999999724
0.051319900000001084
0.0552659000000002
0.05264670000000038
0.05577200000000104
0.05217880000000008
0.05300459999999951
0.05505419999999894
0.052655200000000235
0.05333249999999978
0.05362859999999969
0.05623860000000036
0.05614519999999956
0.05425149999999945
0.05472329999999914
0.0553511000000011
0.057016799999999535
0.05528970000000122
0.055282099999999446
0.05533620000000106
0.059563499999999436
0.05791820000000136
0.05954200000000043
0.05664409999999975
0.059519800000000345
0.06078699999999948
0.05951360000000072
0.05838359999999909
0.06964699999999979
0.06426459999999956
0.06818400000000047
0.0601970000000005
0.06637309999999985
0.06555130000000098
0.06603020000000015
0.06300500000000042
0.06860039999999934
0.07327869999999947
0.06165230000000044
0.06388119999999908
0.06532810000000033
0.06672069999999941
0.06391269999999949
0.06556650000000097
0.06319899999999912
0.07458590000000065
0.06506819999999891
0.06669949999999858
0.06277409999999861
0.06746170000000085
0.06817100000000131
0.06530740000000179
0.06573519999999888
0.06479920000000305
0.06400580000000033
0.0654988000000003
0.06494089999999986
0.06632979999999833
0.06673389999999912
0.06533900000000159
0.06967440000000025
0.06552759999999935
0.07394840000000258
0.07007309999999833
0.07508379999999804
0.07019610000000043
0.06780339999999896
0.07008689999999973
0.0985225000000014
0.06870319999999808
0.07065949999999788
0.07050549999999944
0.07256489999999971
0.06873870000000082
0.07158150000000063
0.06957639999999898
0.06831279999999751
0.07092099999999846
0.0708726999999989
0.07180170000000174
0.07499239999999929
0.06995339999999928
0.07199539999999871
0.07167429999999797
0.07530440000000027
0.07454620000000034
0.07084000000000046
0.07135069999999999
0.07842649999999907
0.0751640000000009
0.07254930000000215
0.07669800000000038
0.074238900000001
0.07551829999999882
0.077179000000001
0.07783629999999775
0.07633819999999858
0.07445639999999898
0.07402709999999857
0.08271590000000018
0.07555729999999983
0.0763397000000019
0.0835985000000008
0.07804830000000251
0.07573710000000133
0.078213599999998
0.07949959999999834
0.08318940000000197
0.07644900000000021
0.08159159999999943
0.08019369999999881
0.07708369999999931
0.08137179999999944
0.08039289999999966
0.08130320000000069
0.08194150000000278
0.08359809999999968
0.0782330999999985
0.08121330000000171
0.08174670000000006
0.07893920000000065
0.0819466999999996
0.08304379999999867
0.08139660000000148
0.08171139999999966
0.08492519999999715
0.08067910000000111
0.08206170000000057
0.08694040000000314
0.08253300000000152
0.0827007999999978
0.08425490000000124
0.08223390000000208
0.0830334999999991
0.08676529999999971
0.08651490000000095
0.0833194000000006
0.08985609999999866
0.0841598000000019
0.08433259999999976
0.08554940000000144
0.08702759999999898
0.08912490000000162
0.08401230000000126
0.08705660000000037
0.08649669999999787
0.08920069999999924
0.08737249999999719
0.09255050000000153
0.09023299999999779
0.0862066999999982
0.09716289999999717
0.08726500000000215
0.08848629999999957
0.09451880000000301
0.0922486000000049
0.08988500000000244
0.09802390000000116
0.09251180000000403
0.09485469999999907
0.09130609999999706
0.0895957999999979
0.0955555999999973
0.09265539999999817
0.08955840000000137
0.09342200000000389
0.09472140000000451
0.0934708999999998
0.09410429999999792
0.09318549999999703
0.09456600000000037
0.09319449999999563
0.0969928999999965
0.09498880000000298
0.09191839999999729
0.09545199999999454
0.10070520000000016
0.09831969999999757
0.09642300000000148
0.09681799999999896
0.0960630000000009
0.09680810000000406
0.09398459999999886
0.09789289999999795
0.10363570000000522
0.10217779999999976
0.09936959999999573
0.10077749999999952
0.10460679999999911
0.09946640000000428
0.10668979999999806
0.09859269999999754
0.10209259999999887
0.10322969999999998
0.10090699999999941
0.10687929999999568
0.11121070000000088
0.10412600000000083
0.09942879999999832
0.10048170000000312
0.09999799999999937
0.10250469999999723
0.10277229999999804
0.10298329999999822
0.10136509999999532
0.09961170000000408
0.10403190000000251
0.10317899999999725
0.10707199999999517
0.10364399999999563
0.10643369999999663
0.11077369999999576
0.10251600000000138
0.1045962999999972
0.10563750000000027
0.10955459999999562
0.11083779999999877
0.11062309999999798
0.10473720000000242
0.10916890000000024
0.10670209999999969
0.10415249999999787
0.10788300000000106
0.1064746999999997
0.10800549999999731
0.11614159999999885
0.10711690000000118
0.10936700000000599
0.10548960000000562
0.10475379999999745
0.11058759999999523
0.10722020000000043
0.11301670000000286
0.1135062999999974
0.11315609999999765
0.11617039999999434
0.11110800000000154
0.10760330000000096
0.11582630000000194
0.12227229999999878
0.13034640000000053
0.11977040000000017
0.11730569999999574
0.11511799999999539
0.11724639999999908
0.11678280000000285
0.11895049999999685
0.11751639999999952
0.11404089999999911
0.11395379999999733
0.1184757999999988
0.11118669999999753
0.1276042000000004
0.11580620000000152
0.11451410000000095
0.1121996999999979
0.11755380000000315
0.11322959999999682
0.11517829999999663
0.11752410000000424
0.13177659999999491
0.12551749999999373
0.12717030000000307
0.11915179999999737
0.11923669999999476
0.1285768000000047
0.12835929999999962
0.1207989999999981
0.13097460000000183
0.11829329999999771
0.11982270000000028
0.12156370000000294
0.12102399999999847
0.12315979999999627
0.12096309999999733
0.12641969999999958
